 369
 186
 110
 130
 315
 86
 127
 457
 414
 186
 311
 150
 321
 95
 35
 422
 161
 294
 113
 359
 310
 448
 80
 110
 422
 386
 310
 204
 25
 37
 100
 73
 243
 477
 461
 391
 296
 109
 212
 260
 276
 254
 112
 319
 122
 79
 366
 356
 349
 195
 131
 114
 437
 126
 372
 376
 34
 425
 447
 374
 26
 45
 318
 96
 209
 102
 175
 9
 283
 76
 271
 290
 425
 105
 61
 183
 366
 41
 86
 163
 263
 375
 484
 166
 231
 260
 474
 116
 280
 134
 146
 64
 363
 374
 242
 50
 67
 210
 474
 355
 240
 445
 157
 157
 475
 136
 496
 418
 315
 147
 447
 182
 42
 424
 124
 94
 445
 455
 180
 197
 486
 158
 429
 82
 25
 241
 273
 343
 388
 430
 77
 243
 224
 223
 165
 71
 196
 235
 454
 24
 268
 482
 472
 418
 99
 260
 287
 239
 153
 105
 362
 306
 497
 477
 154
 388
 172
 121
 323
 179
 106
 224
 258
 224
 207
 20
 91
 309
 26
 161
 128
 324
 421
 318
 21
 140
 205
 324
 229
 148
 16
 165
 64
 173
 28
 31
 56
 485
 411
 405
 258
 213
 204
 103
 70
 177
 26
 180
 325
 110
 195
 163
 481
 385
 191
 408
 407
 57
 424
 34
 499
 38
 62
 27
 440
 105
 453
 427
 356
 184
 199
 231
 221
 278
 355
 352
 174
 354
 198
 438
 24
 419
 159
 6
 53
 352
 97
 472
 209
 422
 176
 31
 335
 93
 158
 213
 72
 241
 366
 36
 72
 449
 300
 103
 154
 258
 299
 296
 31
 145
 351
 487
 359
 434
 195
 427
 172
 432
 189
 41
 186
 445
 144
 232
 498
 161
 454
 40
 410
 161
 224
 65
 88
 169
 373
 389
 495
 21
 368
 386
 346
 399
 278
 487
 98
 186
 200
 405
 216
 429
 192
 182
 405
 83
 385
 98
 316
 445
 289
 149
 388
 281
 132
 195
 428
 346
 414
 126
 249
 302
 232
 416
 42
 412
 152
 97
 204
 380
 177
 162
 67
 320
 239
 325
 312
 176
 88
 269
 304
 134
 370
 275
 343
 45
 414
 454
 162
 286
 234
 382
 24
 87
 20
 74
 491
 431
 361
 344
 473
 260
 213
 384
 65
 162
 186
 193
 97
 141
 386
 435
 242
 360
 394
 368
 493
 177
 286
 321
 447
 407
 217
 378
 420
 247
 421
 18
 76
 482
 411
 212
 280
 217
 326
 182
 301
 57
 104
 455
 275
 305
 79
 423
 320
 403
 140
 306
 2
 299
 356
 13
 308
 292
 493
 367
 7
 21
 168
 82
 106
 198
 424
 173
 174
 25
 292
 3
 366
 401
 492
 223
 282
 226
 229
 472
 468
 45
 425
 290
 477
 74
 211
 257
 31
 271
 275
 343
 20
 49
 64
 416
 164
 433
 482
 137
 132
 285
 383
 482
 223
 217
 498
 161
 88
 201
 277
 176
 6
 189
 62
 6
 90
 226
 284
 245
 332
 141
 163
 74
 143
 117
 118
 308
 68
 443
 289
 389
 180
 321
 155
 96
 347
 41
 455
 89
 149
 288
 231
 294
 325
 48
